# Created by Marcelo Bianchetti
# Format:
#   First line: |N|  |E|
#   Other lines: <node node>
43  88
0 9
0 16
0 19
1 3
1 30
1 37
2 5
2 21
2 22
2 23
2 25
3 10
3 11
3 36
3 37
4 12
4 16
4 29
4 34
4 40
5 7
5 22
5 33
6 26
6 29
6 35
6 36
6 39
6 41
7 21
7 32
8 11
8 34
8 39
8 40
9 15
9 19
9 20
9 32
10  11
10  17
10  37
11  17
11  41
12  16
12  31
12  38
13  19
13  24
14  19
14  24
14  31
15  16
15  20
15  29
17  27
17  28
18  22
18  23
18  33
19  24
19  32
20  32
20  42
21  25
21  26
21  32
21  42
22  23
22  33
25  26
25  35
26  42
27  28
27  40
28  38
29  34
29  39
29  42
30  35
31  38
32  42
34  39
34  40
35  37
36  41
38  40
39  41